function dualCoords = DualMatToVec(in1)
%DUALMATTOVEC
%    DUALCOORDS = DUALMATTOVEC(IN1)

%    This function was generated by the Symbolic Math Toolbox version 7.1.
%    19-Dec-2017 16:00:35

Q1_1 = in1(1);
Q1_2 = in1(7);
Q1_3 = in1(13);
Q1_5 = in1(25);
Q1_6 = in1(31);
Q2_1 = in1(2);
Q2_2 = in1(8);
Q2_3 = in1(14);
Q2_4 = in1(20);
Q2_6 = in1(32);
Q3_1 = in1(3);
Q3_2 = in1(9);
Q3_3 = in1(15);
Q3_4 = in1(21);
Q3_5 = in1(27);
Q4_2 = in1(10);
Q4_3 = in1(16);
Q4_4 = in1(22);
Q5_1 = in1(5);
Q5_3 = in1(17);
Q5_5 = in1(29);
Q6_1 = in1(6);
Q6_2 = in1(12);
Q6_6 = in1(36);
dualCoords = [Q4_4.*(1.0./3.0)+Q5_5.*(1.0./3.0)+Q6_6.*(1.0./3.0);Q2_6.*(-1.0./4.0)+Q3_5.*(1.0./4.0)+Q5_3.*(1.0./4.0)-Q6_2.*(1.0./4.0);Q1_6.*(1.0./4.0)-Q3_4.*(1.0./4.0)-Q4_3.*(1.0./4.0)+Q6_1.*(1.0./4.0);Q1_5.*(-1.0./4.0)+Q2_4.*(1.0./4.0)+Q4_2.*(1.0./4.0)-Q5_1.*(1.0./4.0);Q1_1;Q2_2;Q3_3;Q2_3.*(1.0./2.0)+Q3_2.*(1.0./2.0);Q1_3.*(1.0./2.0)+Q3_1.*(1.0./2.0);Q1_2.*(1.0./2.0)+Q2_1.*(1.0./2.0)];
